MY_ACCOUNT_ID=0.0.6754832
MY_PRIVATE_KEY=0x39cd83a34c3ab6eb1da4cd4c53e224ead298a0595be7cfed9fc760761c521a72
ALICE_ACCOUNT_ID=0.0.6837252
ALICE_PRIVATE_KEY=302e020100300506032b65700422042085a43baa99cbb89cd7ae5cada56d5e501269aa222cc3c54e8ac9827f7a985de1
NETWORK=testnet